# ESTRELLA ENGINE v22SniperCorleone39 — RÉCORD A12=33
# Ciclo 141 | 2026-03-06 16:20:31
# Proyecto Estrella | github.com/tretoef-estrella
# Sigma = 1561/675

G = np.array([
    [0, 3, 0, 2, 0, 0, 1, 0, 2, 1, 1, 0, 0, 0, 1, 0, 3, 1, 1, 3, 3, 3],
    [2, 2, 1, 1, 1, 3, 3, 0, 3, 2, 1, 0, 2, 0, 2, 1, 0, 2, 3, 2, 1, 0],
    [3, 1, 1, 2, 3, 1, 0, 1, 3, 1, 3, 2, 0, 0, 0, 0, 2, 0, 1, 2, 1, 0],
    [0, 3, 3, 3, 1, 2, 2, 1, 0, 2, 0, 0, 0, 3, 3, 2, 2, 1, 3, 3, 0, 0],
    [2, 0, 2, 0, 3, 3, 2, 2, 3, 0, 3, 0, 0, 0, 3, 3, 1, 2, 1, 2, 1, 0],
    [3, 0, 0, 3, 2, 3, 2, 2, 2, 1, 3, 0, 0, 0, 2, 1, 1, 0, 0, 0, 0, 0],
], dtype=np.uint8)  # d=12, A_12=33
